SVM-t
________________________________________________________
m=50
      Theta    Mean     MRB   MRAD Rel.MSE Cover prob.
b0     0.20  0.2199  0.0993 0.3317  0.1777      0.9600
b1     0.07  0.0673 -0.0384 0.3110  0.1464      0.9433
b2    -0.18 -0.1966  0.0925 0.3241  0.1789      0.9667
mu     0.10  0.1153  0.1535 1.1953  2.2755      0.9100
phi    0.98  0.9759 -0.0042 0.0103  0.0002      0.9300
sigma  0.10  0.1041  0.0414 0.2079  0.0763      0.9333
nu    10.00 13.5510  0.3551 0.4472  0.5266      0.9133

m=100
      Theta    Mean     MRB   MRAD Rel.MSE Cover prob.
b0     0.20  0.2164  0.0819 0.3339  0.2019      0.9633
b1     0.07  0.0683 -0.0245 0.2937  0.1382      0.9533
b2    -0.18 -0.1910  0.0610 0.3442  0.2035      0.9333
mu     0.10  0.1134  0.1342 1.1953  2.3158      0.9300
phi    0.98  0.9744 -0.0057 0.0111  0.0003      0.9267
sigma  0.10  0.1067  0.0667 0.2260  0.0843      0.9300
nu    10.00 13.9848  0.3985 0.4764  0.5478      0.9033
________________________________________________________

SVM-VG
________________________________________________________
m=50
      Theta    Mean     MRB   MRAD Rel.MSE Cover prob.
b0     0.20  0.2090  0.0452 0.3286  0.1831      0.9100
b1     0.07  0.0695 -0.0076 0.2915  0.1338      0.9433
b2    -0.18 -0.1903  0.0574 0.3389  0.2002      0.9267
mu     0.10  0.0833 -0.1667 1.0110  1.6796      0.9167
phi    0.98  0.9744 -0.0057 0.0106  0.0002      0.9233
sigma  0.10  0.1070  0.0697 0.2296  0.0912      0.9367
nu    10.00 16.1674  0.6167 0.7215  1.1069      0.8800

m=100
      Theta    Mean     MRB   MRAD Rel.MSE Cover prob.
b0     0.20  0.2089  0.0446 0.3289  0.1790      0.9367
b1     0.07  0.0665 -0.0504 0.3022  0.1404      0.9433
b2    -0.18 -0.1900  0.0555 0.3392  0.1839      0.9167
mu     0.10  0.1039  0.0387 1.1226  1.9685      0.9200
phi    0.98  0.9749 -0.0052 0.0114  0.0003      0.9133
sigma  0.10  0.1045  0.0452 0.2327  0.0983      0.9167
nu    10.00 16.1604  0.6160 0.7312  1.0763      0.8667